2015
2019
2021
2022
2023
2024
2025
2026
2031
2032
2033
2034
2035
2036
2037
2040
2041
2042
2050
2051
2060
2061
2063
2064
2065
2070
2071
2080
2082
2100
2101
2102
2103
2104
2105
2106
2110
2111
2114
2116
2120
2121
2130
2131
2132
2133
2134
2135
2136
2140
2141
2142
2143
2144
2150
2151
2152
2153
2154
2155
2156
2157
2158
2159
2160
2161
2162
2163
2165
2166
2170
2171
2172
2180
2181
2182
2190
2191
2200
2201
2202
2203
2204
2210
2211
2215
2220
2221
2222
2223
2224
2225
2230
2231
2235
2240
2241
2242
2243
2244
2245
2250
2251
2252
2253
2254
2260
2261
2262
2263
2264
2265
2266
2267
2270
2271
2272
2273
2274
2275
2280
2281
2282
2283
2284
2285
2286
2287
2288
2289
2290
2291
2292
2295
2300
2301
2302
2303
2311
2312
2313
2314
2315
2316
2317
2318
2321
2322
2323
2324
2331
2332
2333
2334
2340
2341
2342
2343
2350
2351
2352
2353
2355
2360
2361
2362
2370
2371
2374
2375
2376
2377
2380
2381
2382
2390
2391
2394
2396
2400
2401
2402
2403
2404
2405
2406
2407
2408
2409
2410
2411
2412
2415
2420
2421
2430
2431
2432
2435
2440
2441
2445
2450
2451
2460
2461
2465
2470
2471
2480
2481
2490
2491
2492
2493
2495
2496
2497
2498
2500
2501
2502
2503
2504
2505
2506
2507
2508
2509
2511
2512
2513
2514
2515
2516
2517
2518
2521
2522
2523
2524
2525
2526
2531
2532
2533
2541
2542
2543
2544
2545
2546
2547
2548
2551
2552
2553
2554
2555
2561
2562
2563
2564
2565
2566
2571
2572
2573
2574
2581
2582
2583
2584
2585
2586
2587
2591
2592
2593
2594
2595
2596
2597
2600
2601
2611
2612
2613
2614
2616
2622
2623
2624
2625
2626
2627
2628
2629
2630
2631
2632
2635
2636
2640
2641
2642
2643
2645
2650
2651
2652
2660
2661
2662
2665
2670
2671
2672
2673
2675
2676
2678
2680
2681
2684
2685
2690
2691
2692
2693
2694
2700
2701
2702
2711
2712
2713
2715
2716
2717
2718
2719
2721
2722
2723
2724
2725
2726
2727
2728
2729
2730
2731
2735
2740
2741
2742
2743
2750
2751
2752
2760
2761
2770
2771
2800
2801
2802
2803
2804
2805
2806
2807
2808
2809
2810
2811
2820
2821
2825
2830
2831
2840
2841
2850
2851
2855
2860
2861
2865
2870
2871
2900
2901
2902
2903
2904
2905
2906
2907
2908
2909
2910
2911
2912
2913
2914
2920
2921
2922
2923
2924
2925
2926
2930
2931
2935
2940
2941
2950
2951
2952
2953
2954
2957
2959
2960
2961
2964
2965
2967
2968
2969
2970
2971
2973
2974
2975
2977
2980
2981
2982
2983
2984
2985
2986
2987
2988
2989
2990
2991
2992
2993
2994
2995
3000