4560
4561
4562
4564
4565
4566
4567
4568
4569
4570
4571
4574
4575
4576
4581
4583
4584
4585
4586
4587
4588
4589
4600
4601
4602
4606
4611
4612
4613
4614
4615
4616
4617
4621
4622
4623
4624
4625
4630
4631
4634
4635
4640
4641
4645
4650
4651
4652
4655
4660
4661
4664
4670
4671
4675
4681
4690
4691
4693
4694
4695
4696
4697
4698
4700
4701
4702
4703
4704
4705
4706
4707
4708
4709
4710
4711
4714
4715
4721
4722
4724
4725
4726
4727
4730
4731
4735
4740
4741
4744
4750
4751
4754
4756
4758
4759
4760
4761
4762
4765
4766
4771
4772
4780
4781
4782
4790
4791
4793
4794
4796
4797
4800
4801
4802
4803
4811
4812
4813
4814
4815
4816
4817
4818
4819
4820
4822
4823
4824
4825
4826
4827
4834
4835
4836
4837
4838
4839
4840
4841
4844
4845
4847
4849
4850
4851
4854
4855
4856
4858
4859
4860
4861
4870
4871
4872
4873
4874
4875
4876
4877
4878
4879
4880
4881
4882
4884
4885
4890
4891
4900
4901
4902
4903
4904
4905
4906
4907
4908
4909
4911
4920
4921
4924
4926
4927
4930
4931
4940
4941
4942
4944
5000