1091
1092
1093
1094
1095
1096
1097
1098
1099
1100
1101
1102
1103
1104
1105
1106
1107
1108
1109
1110
1111
1112
1113
1114
1115
1117
1118
1119
1120
1121
1127
1130
1131
1132
1135
1140
1141
1145
1150
1151
1153
1154
1156
1160
1161
1165
1170
1171
1175
1180
1181
1182
1183
1184
1185
1186
1187
1188
1189
1190
1191
1200
1201
1202
1211
1212
1213
1214
1215
1216
1217
1218
1221
1222
1223
1230
1231
1240
1241
1243
1244
1250
1251
1252
1260
1261
1270
1271
1272
1273
1274
1275
1276
1277
1300
1301
1302
1303
1305
1309
1311
1312
1313
1314
1315
1316
1317
1318
1319
1320
1321
1322
1323
1324
1325
1326
1327
1328
1329
1331
1332
1333
1334
1335
1336
1338
1339
1341
1343
1349
1351
1352
1353
1354
1355
1356
1357
1358
1359
1361
1362
1363
1380
1381
1382
1383
1390
1391
1393
1394
1396
1398
1399
1400
1401
1402
1403
1404
1405
1406
1410
1411
1412
1420
1421
1422
1423
1424
1426
1427
1428
1430
1431
1432
1433
1435
1436
1437
1438
1440
1441
1442
1443
1444
1445
1446
1447
1448
1451
1452
1454
1456
1458
1461
1462
1463
1464
1471
1472
1473
1474
1475
1476
1477
1481
1482
1483
1484
1485
1486
1487
1488
1489
1500
1501
1502
1503
1504
1505
1506
1507
1508
1509
1510
1511
1520
1521
1525
1530
1531
1534
1536
1540
1541
1544
1546
1550
1551
1560
1561
1562
1566
1567
1600
1601
1602
1606
1607
1608
1609
1610
1611
1613
1614
1616
1617
1619
1620
1621
1622
1623
1624
1625
1627
1628
1631
1633
1634
1636
1641
1642
1643
1645
1646
1647
1648
1652
1654
1655
1657
1658
1661
1662
1663
1670
1671
1674
1676
1678
1679
1681
1682
1683
1684
1685
1686
1687
1688
1689
1691
1692
1693
1695
1696
1697
1700
1701
1702
1703
1704
1705
1706
1710
1711
1713
1715
1716
1718
1719
1720
1721
1722
1723
1724
1730
1731
1732
1733
1734
1735
1736
1738
1740
1741
1742
1744
1746
1747
1749
1750
1751
1752
1753
1754
1755
1756
1757
1759
1760
1761
1764
1766
1767
1768
1769
1770
1771
1773
1774
1775
1777
1778
1779
1780
1781
1782
1783
1784
1785
1786
1787
1788
1789
1790
1791
1792
1793
1794
1795
1796
1797
1800
1801
1802
1810
1811
1812
1813
1814
1815
1816
1817
1821
1822
1823
1824
1825
1826
1827
1829
1830
1831
1832
1834
1840
1841
1842
1843
1844
1846
1847
1850
1851
1852
1853
1860
1861
1862
1865
1870
1871
1873
1900
1901
1902
1906
1910
1911
1920
1921
1930
1931
1934
1935
1940
1941
1942
1943
1944
1945
1946
1947
1948
1949
1950
1951
1954
1960
1961
1962
1963
1964
1965
1966
1967
1968
1969
1970
1971
1972
1973
1974
1975
1976
1980
1981
1985
1990
1991
1992
2000