4006
4007
4010
4011
4012
4013
4014
4016
4017
4020
4021
4023
4024
4030
4031
4032
4033
4040
4041
4043
4050
4051
4053
4054
4060
4061
4062
4063
4064
4100
4101
4102
4103
4104
4105
4106
4107
4110
4111
4112
4115
4116
4117
4119
4121
4122
4124
4126
4128
4130
4131
4132
4133
4140
4141
4142
4143
4145
4147
4151
4152
4153
4155
4156
4157
4158
4161
4163
4170
4171
4174
4175
4176
4180
4181
4182
4184
4185
4190
4191
4194
4196
4197
4200
4201
4202
4203
4204
4205
4206
4207
4208
4209
4211
4212
4213
4214
4221
4223
4225
4230
4231
4233
4235
4240
4241
4243
4245
4247
4250
4251
4254
4255
4260
4261
4264
4265
4266
4267
4268
4269
4270
4271
4273
4280
4281
4283
4284
4285
4286
4287
4288
4300
4301
4302
4303
4305
4306
4307
4308
4310
4311
4315
4316
4317
4318
4321
4322
4323
4325
4326
4327
4328
4330
4331
4332
4333
4334
4335
4336
4337
4338
4339
4340
4341
4350
4351
4352
4353
4354
4356
4357
4360
4361
4363
4364
4365
4370
4371
4373
4374
4380
4381
4382
4383
4384
4385
4386
4387
4388
4389
4400
4401
4410
4411
4413
4414
4415
4416
4417
4420
4421
4423
4424
4430
4431
4433
4434
4435
4436
4437
4438
4440
4441
4443
4444
4450
4451
4453
4454
4455
4456
4458
4460
4461
4462
4463
4464
4465
4470
4471
4472
4474
4475
4481
4482
4484
4485
4486
4490
4491
4493
4494
4500
4501
4503
4504
4505
4506
4507
4508
4510
4511
4513
4515
4520
4521
4522
4524
4525
4527
4528
4529
4530
4531
4532
4533
4535
4536
4537
4538
4539
4540
4541
4542
4543
4550
4551
4553
4554
4560
4561
4562
4564
4565
4566
4567
4568
4569
4570
4571
4574
4575
4576
4581
4583
4584
4585
4586
4587
4588
4589
4600
4601
4602
4606
4611
4612
4613
4614
4615
4616
4617
4621
4622
4623
4624
4625
4630
4631
4634
4635
4640
4641
4645
4650
4651
4652
4655
4660
4661
4664
4670
4671
4675
4681
4690
4691
4693
4694
4695
4696
4697
4698
4700
4701
4702
4703
4704
4705
4706
4707
4708
4709
4710
4711
4714
4715
4721
4722
4724
4725
4726
4727
4730
4731
4735
4740
4741
4744
4750
4751
4754
4756
4758
4759
4760
4761
4762
4765
4766
4771
4772
4780
4781
4782
4790
4791
4793
4794
4796
4797
4800
4801
4802
4803
4811
4812
4813
4814
4815
4816
4817
4818
4819
4820
4822
4823
4824
4825
4826
4827
4834
4835
4836
4837
4838
4839
4840
4841
4844
4845
4847
4849
4850
4851
4854
4855
4856
4858
4859
4860
4861
4870
4871
4872
4873
4874
4875
4876
4877
4878
4879
4880
4881
4882
4884
4885
4890
4891
4900
4901
4902
4903
4904
4905
4906
4907
4908
4909
4911
4920
4921
4924
4926
4927
4930
4931
4940
4941
4942
4944
5000