3081
3082
3083
3084
3085
3086
3087
3088
3089
3100
3101
3102
3109
3111
3112
3113
3114
3115
3116
3117
3118
3119
3121
3122
3123
3124
3125
3130
3131
3132
3133
3134
3135
3136
3137
3138
3140
3141
3142
3143
3144
3145
3146
3147
3150
3151
3155
3160
3161
3162
3165
3170
3171
3172
3176
3180
3181
3190
3191
3192
3193
3194
3195
3196
3197
3198
3199
3200
3201
3202
3203
3204
3205
3206
3207
3208
3209
3211
3212
3214
3216
3218
3220
3221
3222
3223
3224
3225
3227
3230
3231
3232
3233
3234
3235
3237
3238
3240
3241
3243
3244
3245
3247
3248
3249
3250
3251
3252
3253
3255
3256
3257
3258
3260
3261
3262
3263
3264
3265
3267
3270
3271
3273
3274
3280
3281
3284
3286
3290
3291
3292
3293
3295
3297
3299
3300
3301
3311
3312
3313
3314
3315
3316
3317
3318
3319
3328
3329
3330
3331
3332
3333
3334
3335
3336
3340
3341
3342
3343
3344
3350
3351
3352
3353
3354
3355
3356
3360
3361
3362
3363
3364
3366
3370
3371
3372
3373
3380
3381
3400
3401
3402
3403
3404
3405
3410
3411
3412
3413
3415
3417
3420
3421
3425
3430
3431
3432
3433
3434
3435
3436
3437
3438
3439
3440
3441
3442
3443
3444
3445
3446
3447
3448
3449
3450
3451
3452
3453
3454
3455
3460
3461
3464
3465
3466
3467
3470
3471
3474
3480
3481
3500
3501
3502
3503
3504
3505
3506
3507
3508
3509
3511
3512
3513
3514
3515
3521
3522
3523
3524
3525
3526
3527
3528
3531
3532
3533
3534
3540
3541
3542
3543
3544
3545
3546
3551
3552
3553
3554
3555
3561
3562
3563
3564
3565
3566
3571
3572
3573
3581
3582
3583
3584
3585
3600
3601
3602
3603
3604
3605
3606
3607
3608
3611
3612
3615
3620
3621
3625
3626
3628
3630
3631
3632
3633
3634
3640
3641
3642
3643
3645
3646
3648
3651
3652
3653
3700
3701
3702
3703
3704
3705
3706
3707
3708
3709
3710
3711
3712
3720
3721
3722
3723
3730
3731
3732
3734
3735
3737
3738
3739
3740
3741
3742
3743
3744
3749
3750
3751
3752
3754
3755
3760
3761
3762
3763
3764
3765
3766
3768
3769
3770
3771
3772
3773
3774
3775
3776
3780
3781
3784
3785
3790
3791
3792
3794
3800
3802
3811
3812
3813
3814
3815
3816
3817
3818
3819
3821
3822
3823
3824
3825
3826
3828
3829
3830
3831
3832
3833
3834
3835
3836
3840
3841
3842
3843
3844
3845
3846
3847
3848
3849
3850
3851
3852
3853
3860
3861
3862
3863
3864
3868
3870
3871
3880
3881
3882
3886
3888
3890
3891
3892
3893
3894
3895
3896
3897
3898
3899
3900
3901
3902
3903
3904
3905
3906
3907
3910
3911
3912
3920
3921
3922
3925
3927
3930
3931
3940
3941
3945
3947
3950
3951
3953
3956
3958
3959
3960
3961
3962
3970
3971
3972
3980
3981
3984
3985
3989
3990
3991
3992
3993
3994
3995
3997
3998
3999
4000